v 7 0 0
v 11 1 0
v 7 2 0
v 0 2 0
v 5 3 0
v 10 4 0
v 15 5 0
v 16 5 0
v 3 6 0
v 11 7 0
v 12 6 0
v 17 9 0
v 20 8 0
v 12 11 0
v 20 10 0
v 19 13 0
v 2 14 0
v 4 14 0
v 6 15 0
v 4 15 0
v 2 17 0
v 6 17 0
v 6 19 0
v 15 18 0
v 12 20.5 0
v 10 22 0
v 16 21 0
v 18 15 0
v 17 17 0
v 19 17 0
v 18 18 0
v 17 20 0
v 16 21 0
v 18 22 0
v 14 19 0
e 0 1
e 0 2
e 1 2
e 2 5
e 5 6
e 6 1
e 1 7
e 6 7
e 3 4
e 3 8
e 4 8
e 4 5
e 4 10
e 10 7
e 8 9
e 9 10
e 9 13
e 13 11
e 11 7
e 7 12
e 12 11
e 12 14
e 12 15
e 14 15
e 11 15
e 13 15
e 19 16
e 19 17
e 19 18
e 19 21
e 19 20
e 20 16
e 16 17
e 17 18
e 18 21
e 21 20
e 18 13
e 22 21
e 22 13
e 22 25
e 25 23
e 22 23
e 23 13
e 23 30
e 13 30
e 28 15
e 28 29
e 29 27
e 25 33
e 33 32
e 32 31
e 31 34
e 32 24
